Size: 6000

Gauss: 3159.0468878 sec

Gauss-Seidel: 14.868725 sec

Jacobi: 17.1776145 sec

Size: 7000

Gauss: 4322.7383624 sec

Gauss-Seidel: 17.818402 sec

Jacobi: 21.656543 sec